initial_state:
  r: 1.0706325537592214    #450 km
  theta: 0.0
  phi: 0.0
  u: 0.0
  v: 0.9664508620353782
  w: 0.0
  m: 1.0
boundary_conditions:
  r: 1.0705854653900486    #449.7 km
  ltheta: 0.0
  lphi: 0.0
  u: 0.0
  v: 0.9664721158708035
  lw: 0.0
  lm: 1.0
format:
  dimensional: false
