initial_state:
  r: 1.0574204946996466    #195 km
  theta: 0.0
  phi: 0.0
  u: 0.0
  v: 0.9724698336074619
  w: 0.0
  m: 1.0
boundary_conditions:
  r: 1.057346878680801     #194.75 km
  ltheta: 0.0
  lphi: 0.0
  u: 0.0
  v: 0.9725036863160724
  lw: 0.0
  lm: 1.0
format:
  dimensional: false
